61
33
29
61
32
40
88
73
19
82
54
40
69
72
24
37
2
64
60
86
5
8
5
13
20
43
71
1
3
76
26
77
73
22
2
30
95
88
56
74
95
40
37
74
16
56
68
5
20
64
41
90
8
18
85
77
11
87
52
16
79
80
4
81
72
60
48
66
8
18
5
91
84
24
83
39
32
15
32
20
35
77
100
16
19
47
59
58
53
52
35
44
58
83
7
38
62
44
77
52
0
94
23
98
10
100
16
51
92
46
97
93
63
88
20
18
93
27
87
86
68
62
93
13
82
58
18
71
41
59
8
57
7
38
42
23
89
21
85
20
61
99
72
59
2
8
9
78
63
61
21
18
54
73
58
87
63
21
63
39
56
85
92
70
73
28
20
25
22
44
77
98
93
17
65
71
1
66
95
6
68
1
43
59
77
89
22
80
36
44
27
50
50
40
6
21
66
43
68
95
38
21
100
10
54
95
16
13
61
45
30
82
74
98
47
60
24
34
44
44
96
83
96
45
23
43
55
34
24
43
18
60
93
11
84
88
30
58
72
77
67
62
58
91
6
10
66
55
66
71
92
32
43
61
94
3
30
41
34
26
99
87
21
79
18
75
32
91
43
89
91
19
45
30
100
41
58
58
58
89
2
35
76
97
10
98
57
52
32
1
91
29
32
22
1
30
70
37
63
35
23
88
0
14
17
81
33
68
63
53
91
88
62
48
67
17
86
4
93
13
50
43
86
19
16
21
88
46
98
87
10
85
3
86
7
85
23
69
60
33
15
41
48
88
32
81
68
65
67
13
22
58
37
53
88
34
71
98
47
95
42
38
45
95
58
52
21
75
15
86
21
50
22
24
97
59
59
92
46
90
82
2
61
50
20
26
86
1
97
34
36
84
51
34
80
44
90
82
68
39
78
8
54
94
70
98
33
9
14
91
73
91
23
21
61
22
18
100
42
41
37
46
35
45
28
64
70
64
48
93
70
32
66
96
24
68
86
14
70
98
95
76
64
6
76
58
35
87
20
95
76
47
84
78
86
58
36
100
41
92
23
16
13
60
26
25
90
92
63
37
94
98
98
54
63
91
48
86
48
85
61
44
98
66
75
75
38
31
64
92
17
23
85
10
53
3
56
12
69
56
27
37
100
0
100
16
66
47
49
73
95
34
53
95
45
83
76
43
78
96
57
29
46
61
1
1
22
35
75
9
63
94
77
55
89
95
0
10
95
11
32
91
24
41
34
83
48
90
66
39
17
30
0
32
62
86
39
48
52
17
78
67
52
2
84
33
74
43
55
18
16
40
68
33
11
73
88
21
2
17
100
9
29
66
6
39
39
69
90
69
50
83
30
29
29
90
16
70
26
1
14
79
68
84
28
12
18
47
14
30
50
69
28
42
59
52
74
41
6
73
97
43
46
72
19
98
91
65
65
52
61
3
68
51
2
68
76
59
27
86
22
96
55
92
29
38
9
90
10
39
35
72
94
12
68
31
28
100
86
96
91
89
68
32
32
10
50
24
91
93
20
21
60
95
33
44
60
50
26
9
78
10
61
20
60
98
98
0
49
36
87
29
90
3
33
74
52
5
64
32
10
54
21
69
28
37
16
35
35
88
38
84
50
78
7
39
74
56
40
1
68
51
98
98
63
30
3
13
45
36
68
61
75
41
33
30
20
93
75
31
60
17
55
78
14
59
58
44
38
2
42
91
72
68
16
15
41
53
63
70
21
68
17
12
29
39
24
89
68
75
9
1
87
5
86
3
91
32
100
56
78
26
60
38
42
37
39
13
37
5
46
21
35
7
20
52
87
4
35
75
46
16
92
74
90
40
40
79
34
51
99
93
93
34
35
63
87
81
87
34
84
51
76
62
97
39
81
31
65
64
58
85
71
33
28
48
38
83
99
74
98
10
54
60
53
79
48
1
89
62
64
71
74
40
17
84
59
9
49
58
49
60
33
24
18
34
88
97
19
52
33
74
34
96
78
91
64
55
83
34
3
46
36
100
49
97
19
82
28
74
55
28
34
87
90
21
6
58
49
71
62
45
67
5
40
26
83
22
51
87
1
96
24
93
58
17
35
87
51
3
21
26
25
48
48
35
46
100
21
29
47
19
37
69
45
23
1
28
51
46
28
75
60
5
14
36
25
11
67
59
81
22
7
37
58
83
37
74
2
32
84
61
82
45
83
57
96
72
77
60
50
55
1
10
56
30
26
5
25
82
81
24
66
11
67
96
85
94
55
71
43
87
22
94
87
11
85
22
49
51
